1 1 0.98215735
2 102 1.0
3 121 1.0
4 122 1.0
5 137 1.0
6 141 1.0
7 142 1.0
8 144 1.0
9 151 1.0
10 157 1.0
12 162 1.0
13 181 1.0
14 196 0.9910554
15 200 0.9999709
16 229 1.0
17 263 0.9999219
18 281 0.99901825
19 296 0.73292255
20 299 0.9999067
21 300 1.0
22 309 1.0
23 357 1.0
25 360 1.0
26 363 0.9992508
27 365 0.9995226
28 367 0.99766344
29 369 0.9974713
30 370 1.0
31 372 0.9914042
32 373 0.9976776
33 375 1.0
34 377 1.0
35 398 0.97070163
36 408 0.91263735
37 439 1.0
38 446 0.9999825
39 469 1.0
40 504 1.0
41 524 1.0
42 552 1.0
43 555 1.0
44 560 0.9884918
45 561 1.0
46 562 0.9994848
47 565 0.9996447
49 575 0.99614817
50 576 1.0
51 577 0.9999219
53 591 1.0
54 613 1.0
55 617 0.9999849
56 618 0.99918604
57 629 1.0
58 630 0.9999876
59 634 1.0
60 635 1.0
62 640 1.0
63 641 0.99819833
65 654 0.99999994
66 749 0.99976075
67 783 0.9996322
68 799 0.9999865
69 802 0.99970037
70 803 0.9961033
71 804 0.99960345
72 812 0.9999916
73 813 0.9783937
74 820 1.0
75 822 1.0
76 824 1.0
77 883 1.0
78 887 1.0
79 910 0.9999995
80 939 0.99760365
81 963 0.9949409
82 968 1.0
83 979 1.0
86 993 0.9999456
87 996 0.9971405
89 998 0.9239837
90 999 0.9999867
91 1000 0.7417718
92 1001 0.9726883
93 1018 1.0
96 1037 0.98786306
97 1038 0.99617255
98 1053 0.9936997
99 1060 0.9520327
100 1065 0.9999945
101 1070 0.99990964
102 1074 0.9879927
103 1076 0.99988204
104 1077 1.0
105 1078 0.99907744
107 1105 0.99999887
108 1106 0.90339243
109 1109 0.9998239
110 1110 0.9968303
111 1112 0.9959075
113 1138 0.9995345
114 1150 0.9999304
116 1163 0.9992474
118 1186 0.99039346
120 1208 0.8992718
121 1212 0.99945575
122 1214 1.0
123 1217 0.9661356
124 1224 1.0
125 1225 0.99979603
126 1226 1.0
127 1230 0.8331909
128 1258 0.969781
129 1261 1.0
130 1267 1.0
131 1288 0.98189753
133 1346 1.0
134 1375 1.0
135 1377 1.0
136 1378 1.0
137 1383 1.0
138 1412 1.0
139 1417 1.0
140 1429 0.99950475
141 1448 0.99989617
143 1454 1.0
144 1468 1.0
145 1476 0.97978115
146 1636 0.99054843
147 1642 0.99996334
148 1676 1.0
149 1686 0.99999803
150 1688 0.8719176
151 1690 1.0
152 962 0.9821575
154 1716 1.0
155 1723 1.0
156 1727 1.0
157 1741 0.9971367
158 1742 1.0
160 1748 1.0
161 1749 0.9999924
162 1750 0.986879
163 1753 0.99999166
164 1754 0.9800885
165 1760 0.99913204
166 1765 0.9999159
167 1770 0.99428487
168 1772 0.9994678
169 1777 0.9985791
170 1778 0.9678378
171 1779 0.9976361
172 1780 0.99880016
174 1791 0.40163904
175 1792 0.9877238
176 1797 0.9241797
177 1799 0.9997901
178 1800 1.0
179 1804 0.9807462
180 1808 0.9580656
181 1816 0.9999111
182 1818 0.999999
183 1821 0.91950923
184 1831 0.8035077
185 1835 0.9994157
187 1841 0.9847825
188 1843 0.99878293
189 2035 0.9998416
190 2036 0.99921197
191 2038 0.9993411
192 2050 0.9893516
193 2052 0.999974
194 2053 1.0
195 2073 0.99995893
196 2117 0.9783764
197 2118 0.9917758
199 3 0.9995486
200 69 0.9993051
