1 1 1.0
4 63 1.0
6 72 1.0
7 76 1.0
8 17 0.9958375
9 106 0.9987529
10 127 0.9985419
12 134 0.6544661
13 135 1.0
14 137 1.0
15 143 0.9998342
16 147 0.9925508
17 150 1.0
18 152 1.0
19 23 1.0
20 160 1.0
21 164 0.98924106
23 169 1.0
24 171 1.0
25 173 0.9240846
28 176 0.9998116
29 184 0.9984093
32 190 0.99997556
33 191 0.9997774
34 193 1.0
35 194 0.94205326
36 195 0.9936738
39 200 1.0
40 201 0.9993286
43 207 1.0
44 209 1.0
45 210 1.0
46 211 0.91110057
47 214 0.9953284
48 219 0.9997448
49 221 0.9999738
50 222 0.9942063
51 223 1.0
52 226 0.9977383
53 227 1.0
54 228 0.9995627
55 237 1.0
56 238 0.9985401
58 240 0.99869055
60 242 1.0
61 243 0.99999994
63 244 0.87324834
64 246 0.9697981
66 262 0.81396675
67 274 0.9984546
68 283 0.9893211
69 286 1.0
70 292 0.8802247
71 302 0.9842815
72 316 0.99833906
74 355 1.0
75 361 1.0
76 364 0.8446388
77 370 1.0
79 373 1.0
80 374 0.99730647
81 380 1.0
82 383 1.0
83 390 0.9992926
84 391 1.0
85 393 1.0
86 395 1.0
89 398 0.97722465
90 401 1.0
91 439 0.999999
93 452 0.99988824
94 463 1.0
95 475 0.9999803
96 478 0.97250825
97 479 0.89178723
98 480 1.0
99 482 1.0
103 488 0.99925625
104 489 1.0
105 493 1.0
106 494 0.99521226
109 499 0.93686527
110 500 1.0
111 502 1.0
113 504 1.0
114 505 1.0
115 507 1.0
116 510 0.9999044
117 512 0.99755025
118 516 0.9875065
119 527 1.0
122 535 0.9977431
123 536 1.0
124 537 0.9888952
125 540 1.0
127 544 1.0
128 545 0.9999707
130 548 0.9966629
131 555 0.98015773
133 563 1.0
136 566 1.0
137 567 0.9492677
138 571 1.0
139 578 1.0
140 579 1.0
145 593 0.98920393
146 595 0.99851376
147 598 0.94358
149 29 1.0
150 615 0.9974413
151 616 0.99960077
152 165 0.99543595
153 618 0.98852736
155 620 0.9998342
156 621 1.0
157 622 0.97626233
158 631 0.9998969
159 633 1.0
161 636 0.99858475
162 637 1.0
163 638 0.90616333
164 640 1.0
165 641 1.0
166 642 0.99953604
168 41 0.9993749
170 660 1.0
173 665 1.0
175 667 0.9998563
177 669 1.0
178 673 1.0
179 679 0.9996172
180 680 0.99921834
181 681 1.0
182 682 0.9997869
183 685 0.99880964
184 687 1.0
185 688 0.99606544
186 65 1.0
187 700 0.9999986
188 703 0.9750321
189 704 0.99999964
191 706 0.999496
192 707 1.0
193 708 0.9950287
194 711 0.9999456
195 717 0.99993145
197 719 0.9983725
198 722 0.9999999
199 723 1.0
200 727 1.0
