1 1 0.98216814
2 300 1.0
3 102 1.0
4 1468 1.0
5 123 1.0
6 123 1.0
7 1468 1.0
8 1468 1.0
9 1468 1.0
10 142 1.0
11 1345 0.99977934
12 357 1.0
13 168 1.0
14 98 0.9999383
15 200 0.9999709
16 1468 1.0
17 191 0.9999634
18 451 0.99936247
19 2058 0.9929888
20 299 0.99990696
21 142 1.0
22 1468 1.0
23 357 1.0
24 369 0.9999573
25 141 1.0
26 996 0.99950475
27 365 0.99952257
28 365 0.9995619
29 1765 0.99985236
30 1979 1.0
31 372 0.9914042
32 373 0.9976776
33 375 1.0
34 555 1.0
35 1569 0.999926
36 409 0.99874586
37 412 1.0
38 1129 0.9999998
39 467 1.0
40 412 1.0
41 523 1.0
42 1383 1.0
43 555 1.0
44 560 0.9884918
45 561 1.0
46 562 0.9994848
47 565 0.9996447
48 412 1.0
49 996 0.9988147
50 578 1.0
51 577 0.99992186
53 727 1.0
54 1742 1.0
55 617 0.9999837
56 618 0.99918634
57 1157 1.0
58 630 0.9999876
59 333 1.0
60 133 1.0
62 640 1.0
63 1894 0.99999213
64 707 0.9999589
65 692 0.9999693
66 707 0.9983374
67 783 0.99963117
68 799 0.99998647
69 802 0.9997012
70 803 0.9961033
71 807 0.99998873
72 812 0.99999166
73 2080 0.999988
74 1468 1.0
75 762 1.0
76 300 1.0
77 860 1.0
78 824 1.0
79 910 0.9999996
80 939 0.99760365
81 963 0.99496907
82 360 1.0
83 988 1.0
84 584 1.0
86 993 0.9999456
87 996 0.9971405
88 686 0.9920144
89 998 0.9239873
90 999 0.99998665
91 125 0.9977557
92 545 0.99962384
93 1024 1.0
95 94 1.0
96 1001 0.9998241
97 728 0.9990793
98 872 0.995699
100 1065 0.9999945
101 1070 0.9999095
102 1074 0.9879975
103 1076 0.99988204
104 1077 1.0
105 1078 0.99907774
106 1082 0.5808395
107 1105 0.9999989
108 1106 0.90339243
109 1109 0.9998242
110 1110 0.9968303
111 1112 0.9959084
112 361 0.83613205
113 1138 0.99953467
114 1150 0.9999304
115 1150 0.99794275
116 1159 0.9986683
117 1651 0.9933076
118 958 0.9987013
119 1668 0.9537924
120 1208 0.8992739
121 1212 0.9994554
122 142 1.0
123 565 0.98974013
124 2096 1.0
125 1225 0.99979603
126 1231 1.0
127 1227 0.9989796
128 1883 0.9992973
129 142 1.0
130 142 1.0
131 263 0.99749416
132 1468 1.0
133 1468 1.0
134 1468 1.0
135 1468 1.0
136 1468 1.0
137 142 1.0
138 1468 1.0
139 792 1.0
140 712 0.9999769
141 1646 0.99992204
142 1649 0.99999964
143 1412 1.0
144 142 1.0
145 1260 0.99949765
146 1240 0.9999999
147 1642 0.99996334
148 142 1.0
149 1686 0.99999803
150 1743 0.9999777
151 1468 1.0
152 962 0.98216426
153 1386 1.0
154 1716 1.0
155 1723 1.0
156 1468 1.0
157 2 0.9999974
158 1412 1.0
159 1570 0.9940895
160 142 1.0
161 1345 0.9999974
162 1345 0.9999623
163 1753 0.99999166
164 1754 0.9800851
165 1772 0.9995978
166 1037 0.99999994
167 1799 0.99998355
168 579 0.99981344
169 1770 0.9989667
170 534 0.99787664
171 1059 0.99946755
172 1807 0.9999624
174 594 0.9904356
175 1772 0.99744487
176 1797 0.9241797
177 2036 0.99997723
178 336 1.0
179 1094 0.9838288
180 1065 0.9994919
181 1816 0.9999111
182 1818 0.999999
183 1821 0.91950923
184 799 0.98248607
185 1485 0.99997133
187 415 0.99704105
188 1843 0.99878997
189 2035 0.9998397
190 2038 0.99927896
191 2038 0.9993412
192 218 0.9975014
193 2052 0.99997413
194 2055 1.0
195 2074 0.9983222
196 1040 0.9858818
197 1138 0.99999857
199 3 0.99954873
200 47 0.9961378
