1 1 0.9995792
2 2 0.99630207
3 11 0.9937626
4 15 0.9981213
5 19 0.76855665
7 27 0.9999623
9 32 1.0
11 44 0.9998035
12 58 1.0
13 65 1.0
14 67 1.0
17 73 0.99800366
18 74 0.9984507
20 77 1.0
21 78 0.99999195
22 85 1.0
24 98 1.0
25 100 0.99994904
26 103 1.0
27 106 1.0
28 108 1.0
29 109 1.0
30 111 1.0
32 114 1.0
34 118 1.0
36 120 1.0
37 121 0.99776936
38 154 1.0
40 158 0.9902471
41 162 0.9996694
42 168 1.0
43 174 0.62968135
44 179 0.94623244
45 183 0.6303233
46 184 0.99954313
47 216 0.8568034
48 229 0.9871637
50 232 1.0
51 233 1.0
52 234 0.97561854
53 235 1.0
54 237 1.0
56 244 0.99972945
57 246 0.61710066
59 248 0.6108185
60 249 0.9833302
61 250 0.99464387
63 252 0.99968946
64 253 1.0
65 255 1.0
66 257 0.99247575
68 67 1.0
70 287 1.0
71 289 0.98505545
72 291 0.9969667
75 294 0.97757083
76 307 1.0
77 317 0.9996453
78 323 1.0
79 324 1.0
80 326 1.0
81 327 0.99998814
82 330 0.9949293
83 333 1.0
85 336 0.9995563
86 337 1.0
88 345 0.9999827
89 347 0.98611766
90 348 1.0
92 353 1.0
95 357 0.92386633
96 358 0.9999932
97 359 0.99996454
98 360 0.82082075
99 361 1.0
100 362 1.0
101 363 1.0
103 366 1.0
105 368 0.9869769
106 369 0.87254184
108 377 0.75673246
109 381 0.923528
110 382 1.0
111 386 0.98829067
112 387 0.999927
113 389 0.99000394
114 390 1.0
115 391 1.0
116 392 1.0
117 394 1.0
118 395 1.0
119 396 0.99991536
120 401 1.0
121 403 1.0
122 405 0.9920881
123 406 1.0
124 407 0.97792494
125 409 0.9611328
126 410 0.9983742
127 411 0.99866986
128 413 0.9999724
129 418 1.0
130 421 0.99934644
131 427 1.0
132 428 1.0
133 429 1.0
134 435 1.0
135 437 1.0
136 438 1.0
137 439 1.0
138 442 1.0
139 443 1.0
140 444 1.0
141 445 0.9027454
142 446 1.0
143 447 1.0
144 450 1.0
145 451 1.0
146 452 0.98505497
147 453 1.0
148 454 1.0
149 457 0.9246836
150 459 0.99966
152 472 0.9999183
154 478 0.97859716
155 479 0.99761516
156 483 0.9933231
157 487 0.99068797
159 495 1.0
160 496 0.9999771
161 497 0.9999247
162 498 1.0
164 506 0.9988364
165 508 0.9984812
166 510 0.99999994
167 511 1.0
168 512 0.99506813
169 513 0.99779326
170 515 1.0
171 517 1.0
172 518 1.0
173 525 1.0
174 534 0.9999491
175 537 0.99944127
176 538 0.99998564
177 539 0.99301505
179 541 0.9964821
181 544 0.9985684
182 545 0.9997554
183 487 0.99068797
185 546 1.0
190 553 0.9307634
191 554 1.0
193 556 1.0
194 558 0.99999684
195 559 1.0
196 561 0.99925864
197 566 0.9879039
199 587 0.99672925
200 588 0.98567694
