1 1 1.0
2 8 1.0
3 10 0.9914181
4 13 0.99976385
5 17 0.9993178
6 42 0.9995079
7 53 0.9999826
9 69 1.0
10 76 1.0
11 97 1.0
12 103 0.98062956
13 108 0.96004957
14 115 0.9997616
16 122 0.99941295
18 126 0.9964079
19 134 0.9999566
20 143 0.9835349
21 150 0.9999583
23 166 0.9964933
24 174 1.0
25 183 0.9955622
26 214 0.99994767
27 218 0.98809993
29 225 0.99488175
32 231 0.97631216
33 232 0.9909248
34 244 0.9431492
35 251 0.99922496
37 253 0.99644166
38 260 0.9995477
39 261 0.99664056
41 264 0.9999998
43 270 0.99999934
45 280 1.0
46 284 0.99998075
47 285 0.9950984
48 286 0.99998635
49 287 0.9671589
50 288 0.99899393
51 290 0.9999611
52 295 0.9999609
53 296 0.99911976
54 297 0.99997824
55 302 0.99999964
56 304 1.0
57 333 0.9954131
58 350 0.9963229
59 351 0.99999994
60 358 1.0
61 370 1.0
63 374 0.99941677
64 376 1.0
65 378 1.0000001
66 379 0.989284
67 381 0.9999545
68 382 0.9998291
70 384 0.99996626
73 391 0.9999824
74 408 0.9989199
75 421 0.98319966
76 422 0.9344542
77 423 1.0
78 425 0.9927859
79 426 0.94706476
80 430 1.0
81 431 0.9999845
82 433 0.93409586
84 436 0.9999873
85 440 0.98645014
86 441 0.9996458
87 443 0.9990583
90 447 0.99968237
91 449 1.0
92 450 0.9902163
93 454 0.9999888
95 456 1.0
96 457 0.9980295
98 459 0.99999315
99 463 0.9960674
100 466 0.9984172
101 467 0.9988078
102 468 0.99999547
105 473 1.0
106 475 1.0
107 477 0.98228085
109 480 0.9997297
110 481 1.0
111 490 0.9998625
112 515 1.0
113 542 1.0
114 550 0.9999966
115 551 0.99939585
116 553 0.9998315
117 554 0.99988896
118 557 0.999924
119 558 0.9995081
120 559 1.0
121 562 1.0
122 564 0.7948255
125 568 1.0
126 575 1.0
127 576 0.9996257
129 578 1.0
130 579 1.0
131 581 0.9990821
132 582 1.0
134 584 0.9774326
135 585 0.7711599
137 588 1.0
138 589 1.0
139 590 0.9987528
142 593 1.0
144 595 0.946868
145 604 1.0
146 605 1.0
149 608 1.0
150 612 0.99571913
152 617 1.0
153 621 1.0
156 626 1.0
158 629 0.99953556
159 630 0.99678004
160 631 0.9537094
161 637 1.0
162 641 1.0
163 642 1.0
164 643 0.98917276
165 644 0.9925926
166 646 1.0
167 647 0.9934949
169 663 0.99999845
170 668 0.99179703
171 669 0.99574816
172 670 0.96805334
173 671 0.8560214
174 672 1.0
175 674 0.9999956
176 680 1.0
177 682 0.9991533
178 683 0.99862254
179 685 0.99988216
180 687 1.0
182 689 1.0
183 690 1.0
185 692 1.0
186 698 1.0
187 700 1.0
188 702 1.0
189 707 1.0
190 710 0.9900142
191 711 1.0
192 713 1.0
193 723 1.0
194 725 1.0
195 726 1.0
197 728 0.99807596
198 730 0.4770888
199 732 0.9931135
200 741 1.0
201 746 1.0
202 749 1.0
203 750 0.9999086
204 753 1.0000001
205 755 0.9962476
206 768 0.9885984
