1 20 1.0
2 487 0.8135662
3 528 0.9999246
4 626 1.0
5 54 0.9999675
6 450 1.0
7 227 1.0
8 17 0.99582696
9 33 0.999912
10 126 0.9987386
11 128 0.9950076
12 81 0.9898597
13 509 1.0
14 626 1.0
15 143 0.9998342
16 143 0.9999377
17 149 1.0
18 152 1.0
19 20 1.0
20 152 1.0
21 164 0.98924106
22 312 0.9831397
23 361 1.0
24 171 1.0
25 173 0.9240846
26 719 0.9999557
27 613 0.98984206
28 176 0.9998083
29 184 0.99841255
30 27 0.9111902
33 191 0.9997774
34 193 1.0
35 195 0.99810326
36 195 0.99367315
37 573 1.0
39 200 1.0
40 201 0.99932873
41 648 0.46681866
42 620 0.9030725
43 536 1.0
44 536 1.0
45 380 1.0
46 196 0.9695833
47 222 0.9987813
48 219 0.9997448
50 99 0.99974376
51 681 1.0
52 226 0.9977376
53 227 1.0
54 228 0.9995627
55 237 1.0
56 312 0.9999969
58 613 0.99929804
60 401 1.0
61 243 0.99999994
63 244 0.87324834
64 246 0.96979666
66 337 0.9980764
67 274 0.99845415
68 283 0.98932076
69 579 1.0
70 292 0.8802402
71 426 0.99372995
72 316 0.99833864
73 338 1.0
74 361 1.0
75 361 1.0
76 364 0.8446236
77 368 1.0
78 312 0.98316544
79 372 1.0
80 374 0.9973067
81 20 1.0
82 393 1.0
83 390 0.9992926
84 76 1.0
85 76 1.0
86 133 1.0
88 15 0.5429419
89 240 0.99624294
90 242 1.0
91 451 0.99724734
92 239 0.96620685
93 452 0.9998881
94 461 1.0
95 475 0.9999801
96 478 0.9727237
97 479 0.8917847
98 480 1.0
99 482 1.0
101 565 1.0
103 488 0.99925625
105 723 1.0
106 494 0.99521446
109 475 0.9855664
110 500 1.0
111 502 1.0
112 172 0.99864733
113 60 1.0
114 505 1.0
116 512 0.9998529
117 512 0.99755025
118 516 0.9875059
119 536 1.0
122 535 0.9977419
123 133 1.0
124 537 0.9888935
125 539 1.0
127 133 1.0
128 545 0.9999707
130 548 0.99666303
131 555 0.980157
132 450 1.0
133 563 1.0
134 165 0.99873555
135 285 0.999692
136 566 1.0
138 571 1.0
139 578 1.0
140 273 1.0
141 23 1.0
143 530 0.99632347
144 614 0.495297
145 593 0.98920393
146 595 0.9985136
147 596 0.8955732
149 29 1.0
150 615 0.9974413
151 616 0.9996004
152 165 0.9954351
153 618 0.98852426
155 620 0.9998342
156 20 1.0
157 622 0.97625995
158 631 0.9998962
159 633 1.0
162 637 1.0
163 638 0.90616333
164 640 1.0
165 681 1.0
166 642 0.99953604
168 658 0.9995212
170 200 1.0
172 696 0.9888662
173 665 1.0
174 68 0.9886602
175 667 0.9998563
177 669 1.0
178 673 1.0
179 679 0.9996172
180 680 0.9992206
181 681 1.0
182 682 0.99978685
184 681 1.0
185 688 0.99606246
186 204 1.0
187 700 0.9999986
188 128 0.9941184
189 704 0.9999996
191 706 0.999496
192 707 1.0
193 708 0.9950275
197 719 0.99837136
198 722 0.9999999
199 435 1.0
200 727 1.0
