1 1 0.9840474
2 5 1.0
5 16 1.0
7 22 1.0
8 30 0.9940652
9 35 0.94631606
11 39 0.99960816
12 40 0.99976516
13 41 0.99999774
15 46 0.99939185
17 58 0.99996525
18 59 0.99995404
19 69 0.99999744
20 77 0.9995673
23 80 1.0
25 87 0.9670568
27 93 1.0
28 10 0.9997229
30 99 0.99994266
31 100 1.0
32 105 1.0000001
35 119 0.9995877
36 120 0.9806671
38 127 1.0
39 128 0.99538755
40 134 1.0
41 138 0.9935246
42 147 1.0
43 149 1.0
44 152 0.9895798
45 155 0.99589545
46 157 1.0
47 162 1.0
48 169 1.0
51 192 0.9999993
52 203 0.9996162
53 205 0.98912627
54 220 0.9976975
55 243 0.9999896
56 276 0.98010284
57 282 0.95354193
58 283 0.9998224
59 326 1.0
61 347 1.0
63 367 1.0
64 379 1.0
65 383 1.0
66 384 1.0
67 389 1.0
68 405 1.0
69 420 0.9984989
70 437 1.0
71 438 1.0
72 441 0.9999844
73 480 1.0
74 506 1.0
75 515 1.0
76 526 1.0
77 546 0.99953824
78 567 0.98473984
79 571 0.9999626
80 584 0.9949628
81 600 1.0
82 602 1.0
83 618 0.9990648
84 625 1.0
85 627 0.9990087
86 641 0.988057
87 645 1.0
88 662 1.0
89 664 0.9977765
90 665 0.9340854
91 667 0.65366215
92 671 1.0
93 676 1.0
94 682 0.9999836
95 683 0.98718816
96 690 1.0
98 700 1.0
99 701 1.0
101 710 0.9999999
102 711 0.9798682
103 712 0.999999
104 717 1.0
105 718 0.9999597
106 727 0.9994639
107 730 0.99988353
108 735 0.7048553
109 738 0.99996173
110 747 1.0
112 750 0.99472106
113 766 0.9998833
114 767 0.9998749
128 847 0.999971
129 875 0.9999913
130 803 0.9999179
131 970 0.9999995
146 984 0.999857
147 991 1.0
148 997 1.0
149 1002 1.0
150 1005 1.0
151 1006 1.0
152 1020 1.0
153 1021 0.99951124
154 1023 0.99984646
155 1030 1.0
156 1031 1.0
157 1033 1.0
160 1090 1.0
161 1094 0.999973
162 1100 0.9999518
163 1112 1.0
164 1113 1.0
165 1114 1.0
166 1116 1.0
167 1119 1.0
168 1123 1.0
169 1125 0.99988836
170 1133 0.9999908
171 1138 1.0
172 1141 1.0
173 1146 1.0
174 1147 1.0
175 1149 1.0
176 1153 1.0
178 1158 0.9958496
180 1160 0.99919116
181 1173 0.9999842
183 1180 1.0
185 1189 0.99999994
186 1199 0.9799683
187 1205 1.0
188 1210 1.0
190 1219 0.9881441
191 1220 0.9984903
192 1222 0.9977423
193 1223 0.9854623
195 15 1.0
196 1226 0.9697367
197 1234 1.0
198 1238 0.8354851
199 1240 0.9999137
200 1246 0.99936295
201 1258 0.9986975
202 1264 0.84197164
203 1267 0.9968142
204 1270 0.99989384
205 338 0.99995184
206 355 1.0
207 1277 1.0
208 1288 0.9987462
209 789 0.9804739
210 834 0.9931214
211 835 0.9999677
212 836 0.99956363
213 837 1.0
214 840 0.44663516
215 844 0.98372483
216 845 1.0
217 1297 1.0
218 1046 1.0
219 1301 1.0
221 1319 1.0
222 1320 0.9563151
223 1321 1.0
224 1322 0.9999983
225 1324 0.99975276
227 1326 0.999982
228 1328 0.99957186
230 1331 1.0
232 1336 1.0000001
233 1337 1.0
