1 1 0.98405695
2 390 1.0
3 10 0.9999769
5 16 1.0
7 80 1.0
8 271 0.9954044
9 35 0.9463144
10 30 0.96563643
11 191 0.99983376
12 40 0.99976516
13 41 0.99999785
14 1200 0.94333386
15 46 0.9993899
16 746 0.74591315
17 58 0.99996525
18 682 0.9999624
19 69 0.99999756
20 77 0.9995673
23 80 1.0
24 984 0.9965056
25 188 0.99909335
27 692 1.0
28 10 0.99972314
30 99 0.9999433
31 1323 1.0
32 105 0.99999994
33 147 1.0
36 120 0.9806716
37 120 0.95925206
38 127 1.0
39 283 0.9959146
40 80 1.0
41 1193 0.9953309
42 147 1.0
43 149 1.0
44 152 0.98957
45 155 0.99589545
46 29 1.0
47 158 1.0
48 177 1.0
49 873 0.9938938
51 192 0.9999993
53 205 0.9891255
54 220 0.99769765
55 243 0.9999901
56 58 0.99828494
57 282 0.9535438
58 128 0.999913
59 1277 1.0
61 349 1.0
63 357 1.0
64 79 1.0
65 383 1.0
66 340 1.0
67 389 1.0
68 409 1.0
69 553 0.999883
70 1277 1.0
71 556 1.0
73 494 1.0
74 376 1.0
75 515 1.0
76 494 1.0
77 546 0.99953806
78 151 0.991664
79 771 0.9997429
80 834 0.9956191
81 601 1.0
82 357 1.0
83 618 0.9990648
84 620 1.0
85 769 0.9999887
86 641 0.98805606
87 355 1.0
88 658 1.0
89 664 0.9977765
90 576 0.9999026
91 695 0.9947368
93 677 1.0
94 682 0.9999836
95 77 0.9999913
96 1329 1.0
97 683 0.99722415
98 700 1.0
99 701 1.0
101 710 0.9999999
102 711 0.97987074
103 712 0.999999
104 717 1.0
105 718 0.9999597
106 727 0.99946404
107 730 0.99988353
108 735 0.7048553
109 738 0.99996185
110 1204 1.0
111 142 1.0
112 430 0.998191
113 766 0.9998833
114 767 0.9998748
128 847 0.999971
129 875 0.9999913
130 803 0.9999179
131 970 0.9999995
146 984 0.9998576
147 991 1.0
148 1329 1.0
149 390 1.0
150 390 1.0
151 1006 1.0
152 692 1.0
153 1328 0.99999964
154 1023 0.99984646
155 147 1.0
156 1031 1.0
157 79 1.0
159 180 0.99583524
160 23 1.0
161 1094 0.9999731
162 1100 0.99995184
163 1112 1.0
164 1116 1.0
165 692 1.0
166 692 1.0
167 112 1.0
168 692 1.0
169 1125 0.9998859
170 1133 0.9999908
171 1138 1.0
172 1141 1.0
173 1337 1.0
174 692 1.0
175 1149 1.0
177 140 0.99119574
178 1158 0.99585295
180 1160 0.99919033
181 1173 0.9999842
183 1162 1.0
184 1160 0.5519802
185 1189 1.0
186 592 0.99977034
187 1203 1.0
188 1206 1.0
189 837 1.0
190 87 0.994602
191 1220 0.9984902
192 1222 0.9977425
193 235 0.9914531
194 115 0.9995729
195 15 1.0
196 1226 0.96973103
197 1229 1.0
198 1238 0.8354809
199 1240 0.9999139
200 1246 0.99936295
201 1258 0.9986975
202 1264 0.84197164
203 1267 0.996815
204 750 0.999947
205 338 0.999952
206 1198 1.0
207 1277 1.0
208 1288 0.9987477
209 59 0.9934954
210 734 0.9969168
211 835 0.9999677
212 836 0.99956363
213 837 1.0
214 188 0.9995525
215 683 0.99978024
216 1154 1.0
218 1046 1.0
219 1313 1.0
221 1319 1.0
222 984 0.991291
223 1321 1.0
224 1322 0.9999983
225 1324 0.9997535
226 1120 0.99672645
227 1326 0.999982
228 1021 0.9999994
229 1328 0.9955088
230 1030 1.0
232 1336 1.0
233 1337 1.0
