1 1
2 88
3 117
4 122
5 123
6 141
7 142
8 144
9 150
10 156
11 158
12 160
13 163
14 191
15 200
16 229
17 263
18 281
19 294
20 299
21 300
22 302
23 357
24 358
25 360
26 363
27 365
28 367
29 369
30 370
31 372
32 373
33 374
34 377
35 394
36 406
37 412
38 446
39 466
40 492
41 519
42 552
43 555
44 560
45 561
46 562
47 565
48 572
49 575
50 576
51 577
52 583
53 584
54 613
55 614
56 618
57 629
58 630
59 634
60 635
61 636
62 640
63 641
64 642
65 -1
66 707
67 783
68 799
69 802
70 803
71 804
72 812
73 813
74 820
75 822
76 824
77 -1
78 887
79 888
80 926
81 963
82 968
83 979
84 989
85 990
86 993
87 996
88 997
89 998
90 999
91 1000
92 1001
93 1018
94 1035
95 1036
96 1037
97 1038
98 1049
99 1063
100 1065
101 1066
102 1074
103 1076
104 1077
105 1078
106 -1
107 1105
108 1106
109 1109
110 1110
111 1112
112 1137
113 1138
114 1150
115 1151
116 1159
117 1169
118 1186
119 1201
120 1208
121 1210
122 1214
123 1217
124 1224
125 1225
126 1226
127 1227
128 1258
129 1260
130 1265
131 1288
132 1345
133 1346  
134 1375
135 1377
136 1378
137 1383
138 1412
139 1417
140 1429
141 1448
142 1450
143 1454
144 1468
145 1473
146 1636
147 1642
148 1676
149 1686
150 1688
151 1689
152 962
153 1715
154 1716
155 1723
156 1727
157 1741
158 1742
159 1743
160 1748
161 1749
162 1750
163 1751
164 1754
165 1758
166 1765
167 1770
168 1772
169 1777
170 1778
171 1779
172 1780
173 1781
174 1786
175 1792
176 1797
177 1799
178 1800
179 1804
180 1808
181 1816
182 1818
183 1821
184 1827
185 1835
186 1838
187 1841
188 1843
189 2035
190 2036
191 2038
192 2050
193 2052
194 2053
195 2057
196 2117
197 2118
198 -1
199 3
200 11
