1 1
2 8
3 10
4 13
5 16
6 41
7 53
8 58
9 69
10 76
11 79
12 103
13 108
14 -1
15 -1
16 120
17 125
18 126
19 134
20 142
21 150
22 164
23 166
24 4
25 183
26 190
27 -1
28 222
29 225
30 229
31 230
32 231
33 232
34 233
35 251
36 252
37 253
38 260
39 261
40 262
41 267
42 268
43 270
44 -1
45 272
46 284
47 285
48 286
49 287
50 288
51 290
52 293
53 296
54 297
55 301
56 304
57 305
58 350
59 351
60 354
61 370
62 372
63 374
64 376
65 378
66 379
67 381
68 382
69 383
70 384
71 387
72 389
73 391
74 408
75 421
76 -1
77 423
78 -1
79 426
80 430
81 431
82 433
83 -1
84 436
85 440
86 441
87 443
88 445
89 446
90 447
91 449
92 450
93 454
94 -1
95 456
96 457
97 458
98 459
99 463
100 466
101 467
102 468
103 469
104 470
105 -1
106 475
107 477
108 479
109 480
110 481
111 489
112 515
113 517
114 550
115 551
116 553
117 554
118 557
119 558
120 559
121 561
122 564
123 566
124 567
125 568
126 575
127 576
128 577
129 578
130 579
131 581
132 582
133 583
134 584
135 585
136 586
137 588
138 589
139 590
140 591
141 -1
142 593
143 594
144 595
145 604
146 605
147 606
148 607
149 608
150 610
151 616
152 617
153 621
154 622
155 623
156 626
157 -1
158 629
159 630
160 631
161 637
162 641
163 642
164 643
165 644
166 646
167 647
168 662
169 663
170 668
171 669
172 670
173 671
174 672
175 674
176 680
177 682
178 683
179 685
180 687
181 688
182 689
183 690
184 691
185 692
186 696
187 700
188 702
189 706
190 710
191 711
192 713
193 721
194 725
195 726
196 -1
197 -1
198 729
199 732
200 741
201 746
202 749
203 750
204 753
205 755
206 -1
207 775
208 778
