1 1
2 5
3 -1
5 16
6 -1
7 17
8 30
9 35
10 37
11 39
12 40
13 41
14 44
15 46
16 55
17 58
18 59
19 69
20 77
21 78
22 -1
23 80
24 86
25 87
26 90
27 93
28 10
29 96
30 99
31 100
32 101
33 115
34 118
35 119
36 120
37 -1
38 127
39 128
40 133
41 135
42 147
43 149
44 152
45 153
46 157
47 158
48 169
49 188
50 189
51 191
52 203
53 205
54 220
55 243
56 252
57 282
58 283
59 284
61 340
63 357
64 376
65 383
66 384
67 389
68 390
69 419
70 423
71 438
72 441
73 465
74 506
75 515
76 518
77 546
78 559
79 576
80 584
81 593
82 602
83 618
84 619
85 627
86 641
87 644
88 653
89 664
90 665
91 666
92 668
93 676
94 682
95 683
96 690
97 -1
98 700
99 701
100 -1
101 710
102 711
103 712
104 717
105 718
106 727
107 730
108 734
109 738
110 743
111 749
112 750
113 766
114 767
128 847
129 855
130 803
131 970
146 984
147 987
148 997
149 1002
150 1005
151 1006
152 1020
153 1021
154 1023
155 1030
156 1031
157 1033
159 1047
160 1090
161 1094
162 1100
163 1110
164 1113
165 1114
166 1116
167 1119
168 1123
169 1128
170 1133
171 1138
172 1141
173 1146
174 1147
175 1149
176 1153
177 1156
178 1158
179 1159
180 1160
181 1173
182 1178
183 1180
184 1181
185 1189
186 1198
187 1203
188 1206
189 1218
190 1219
191 1220
192 1222
193 1223
194 1224
195 15
196 1226
197 1228
198 -1
199 1240
200 1242
201 1258
202 1264
203 1267
204 1270
205 332
206 355
207 1276
208 1280
209 788
210 -1
211 835
212 836
213 837
214 838
215 844
216 845
217 1297
218 1046
219 1301
221 1319
222 1320
223 1321
224 1322
225 1324
226 1325
227 1326
228 1328
229 1329
230 1330
232 1336
233 1337
