1 1 0.99957937
2 113 0.9999551
3 11 0.9938739
4 11 0.998233
5 162 0.98470485
7 27 0.9999623
8 363 1.0
9 32 1.0
10 35 0.9999996
11 44 0.9998035
12 109 1.0
13 106 1.0
14 67 1.0
15 540 0.90193766
16 70 0.9933817
17 73 0.99800366
18 74 0.9984504
19 78 0.9991356
20 77 1.0
21 78 0.999992
22 270 1.0
23 103 1.0
24 98 1.0
25 116 0.99998504
26 109 1.0
27 495 1.0
28 172 1.0
29 109 1.0
30 111 1.0
31 495 1.0
32 495 1.0
33 103 1.0
34 495 1.0
35 495 1.0
36 120 1.0
37 156 0.99992836
38 495 1.0
39 235 1.0
40 163 0.99998426
41 162 0.9996694
42 168 1.0
43 2 0.9752444
44 229 0.99993384
45 170 0.858489
46 184 0.999543
47 519 0.9884111
48 27 0.99984396
49 155 0.9405669
50 287 1.0
51 287 1.0
52 234 0.97561854
53 235 1.0
54 237 1.0
56 244 0.99972975
57 246 0.61710066
58 244 0.94102424
59 244 0.9906633
60 249 0.9833559
61 250 0.99464107
63 252 0.99968946
64 253 1.0
65 299 1.0
66 199 0.9995123
67 386 0.9971955
68 67 1.0
70 401 1.0
71 289 0.9850596
72 291 0.99696696
75 294 0.97756505
76 297 1.0
77 317 0.99964607
78 323 1.0
79 429 1.0
81 327 0.99998814
82 330 0.9949281
83 103 1.0
85 336 0.9995559
86 337 1.0
88 345 0.9999827
89 347 0.98611766
90 337 1.0
92 515 1.0
93 339 0.9197218
95 357 0.92386633
96 358 0.9999932
97 359 0.99996454
98 246 0.86563265
99 361 1.0
100 362 1.0
101 363 1.0
103 366 1.0
104 378 0.8785116
105 163 0.9969646
108 377 0.75674343
109 162 0.99817526
110 382 1.0
111 386 0.98831695
112 387 0.999927
113 389 0.99000394
114 390 1.0
115 391 1.0
117 295 1.0
118 395 1.0
119 396 0.9999155
120 400 1.0
121 403 1.0
122 405 0.9920881
123 406 1.0
124 407 0.9779256
125 409 0.96113
126 409 0.99980545
127 411 0.99867034
129 415 1.0
130 421 0.99934614
131 114 1.0
132 428 1.0
133 324 1.0
134 103 1.0
135 437 1.0
136 438 1.0
137 439 1.0
138 442 1.0
139 429 1.0
140 118 1.0
141 445 0.9027454
142 442 1.0
143 120 1.0
144 450 1.0
145 451 1.0
146 452 0.98505634
148 454 1.0
149 457 0.92467886
150 459 0.9996596
152 472 0.9999186
153 187 0.99839383
154 478 0.9785944
155 479 0.99761516
156 483 0.99332577
157 472 0.99697727
159 495 1.0
160 496 0.9999771
161 497 0.9999247
162 498 1.0
164 506 0.99881727
165 508 0.9984812
166 510 0.99999994
167 495 1.0
168 512 0.99506474
169 513 0.9978147
170 498 1.0
172 518 1.0
173 515 1.0
174 173 0.9999498
175 537 0.99944127
176 538 0.9999857
177 539 0.993013
179 541 0.9964821
181 544 0.9985685
183 472 0.99697727
185 546 1.0
186 244 0.9903854
188 459 0.9942657
190 553 0.9307634
191 554 1.0
192 495 1.0
193 111 1.0
194 558 0.99999684
195 385 1.0
196 561 0.9992578
197 229 0.9999613
198 128 0.54345524
199 587 0.99672925
200 588 0.98567694
