1 5 1.0
2 8 1.0
3 10 0.9914307
4 150 0.9998877
5 17 0.99931777
6 63 0.9996314
7 53 0.9999826
8 8 1.0
9 69 1.0
10 77 1.0
11 617 1.0
12 295 0.9978637
13 108 0.96004957
14 115 0.99976176
15 10 0.90611607
16 122 0.999413
17 8 1.0
18 227 0.99879605
19 134 0.9999566
20 466 0.99808115
21 150 0.9999583
22 166 0.9344596
23 166 0.9964931
24 569 1.0
25 251 0.99969333
26 190 0.99977535
27 295 0.9998723
29 225 0.99488163
30 230 0.9999586
31 252 0.9480622
32 230 0.99941957
33 293 0.9999798
34 297 0.9644984
35 251 0.99922496
36 183 0.98628104
37 284 0.9996903
38 260 0.99954784
39 261 0.9966392
41 264 0.9999998
42 8 1.0
45 272 1.0
46 284 0.99998057
47 285 0.9950988
48 286 0.99998623
49 287 0.9671589
50 288 0.99899393
51 232 0.99997836
52 553 0.9999688
53 296 0.9991192
54 297 0.99997824
56 487 1.0
57 530 0.98085976
58 41 0.9992688
59 351 0.9999999
60 738 1.0
61 646 1.0
62 242 0.99828404
63 374 0.99941266
64 376 1.0
65 378 1.0000001
66 381 0.9932726
67 374 0.9999673
69 588 1.0
70 384 0.99996626
73 391 0.9999825
74 321 0.99976
75 421 0.98319966
76 422 0.93445563
77 423 1.0
79 426 0.94706476
80 430 1.0
81 431 0.9999845
82 321 0.99278224
83 431 0.9783203
84 436 0.9999874
85 431 0.9985994
86 441 0.9996458
87 518 1.0
89 445 1.0
90 447 0.99968195
91 626 1.0
92 450 0.9902165
93 454 0.9999888
95 456 1.0
96 457 0.9980296
97 227 0.9096515
98 459 0.99999315
99 463 0.99606675
100 440 0.9997674
101 467 0.99880797
102 468 0.9999955
103 479 0.944791
104 569 1.0
105 473 1.0
106 174 1.0
107 235 0.9928561
108 305 0.91918325
109 480 0.9997297
110 626 1.0
111 663 0.99999136
112 515 1.0
113 516 1.0
114 550 0.9999966
115 550 0.99941945
116 136 0.99999243
117 554 0.9998888
118 557 0.999924
120 559 1.0
121 626 1.0
122 755 0.99176615
123 431 0.98890674
125 569 1.0
126 679 1.0
127 576 0.99963045
128 440 0.97830266
129 578 1.0
130 579 1.0
131 581 0.9990819
132 582 1.0
133 233 0.57630104
134 352 0.9959123
135 126 0.99950904
137 588 1.0
138 621 1.0
139 590 0.99875355
141 591 0.967645
142 593 1.0
144 755 0.9995314
145 604 1.0
146 569 1.0
148 576 0.98814243
149 608 1.0
150 612 0.99571985
152 616 1.0
153 621 1.0
154 387 0.682324
156 626 1.0
158 218 0.9924555
159 630 0.9967803
160 631 0.95371157
161 637 1.0
162 516 1.0
163 642 1.0
164 758 0.99366504
165 644 0.9925728
166 646 1.0
167 494 0.9963249
169 663 0.9999984
170 668 0.99179703
171 669 0.9957474
172 383 0.9995862
173 581 0.99999636
174 672 1.0
175 674 0.99999547
176 174 1.0
177 682 0.9991379
178 683 0.9986222
179 685 0.99988216
180 687 1.0
182 689 1.0
183 626 1.0
184 174 1.0
185 692 1.0
186 698 1.0
187 700 1.0
188 702 1.0
189 241 1.0
190 284 0.9981309
191 196 1.0
192 721 1.0
193 723 1.0
194 713 1.0
199 732 0.9931165
200 742 1.0
201 746 1.0
202 749 1.0
203 750 0.9999086
204 753 1.0
205 755 0.9962522
206 16 0.9998414
207 757 0.62675196
208 113 1.0
