1 1
2 2
3 11
4 16
5 19
6 25
7 27
8 28
9 32
11 44
12 58
13 65
14 67
16 70
17 73
18 74
19 75
20 77
21 78
22 83
23 95
24 98
25 100
26 103
27 106
29 109
30 112
31 113
32 114
33 116
34 118
35 119
36 120
37 121
38 154
39 156
40 158
41 162
42 168
44 178
46 184
49 230
50 232
51 233
52 234
53 235
54 237
56 244
57 246
58 247
61 250
65 254
66 257
68 67
69 286
70 287
71 289
72 291
75 294
76 295
77 317
78 323
79 324
81 327
82 330
83 332
84 334
88 342
89 347
90 348
92 353
93 355
94 356
97 359
98 360
99 361
100 362
101 363
104 367
105 368
107 370
108 377
110 382
111 386
112 387
113 389
114 390
115 391
117 394
118 395
119 396
120 401
121 403
124 407
125 409
126 410
127 411
129 415
130 421
131 427
132 428
133 429
134 435
135 437
136 438
137 439
138 442
139 443
140 444
142 446
143 447
144 450
145 451
146 452
148 454
149 457
150 459
151 471
153 476
154 478
155 479
156 483
157 487
158 491
159 495
160 496
161 497
162 498
163 499
164 506
165 508
167 511
168 512
169 513
170 515
173 521
174 528
175 537
176 538
177 539
178 540
179 541
180 543
181 544
183 487
185 546
186 548
191 554
192 555
193 556
194 558
195 559
196 561
198 567
199 587
200 588