1 1
2 -1
3 57
4 47
5 64
6 65
7 76
8 17
9 106
10 126
11 131
12 133
13 135
14 137
15 143
16 147
17 148
18 152
19 23
20 160
21 -1
22 -1
23 169
24 171
25 173
26 174
27 175
28 176
29 184
30 188
31 189
32 190
33 191
34 193
35 194
36 195
37 197
38 199
39 200
40 201
41 203
42 204
43 207
44 208
45 210
46 211
47 214 
48 219
49 221
50 222
51 223
52 226
53 227
54 228
55 237
56 238
57 239
58 240
59 241
60 242
61 243
62 -1
63 244
64 -1
65 253
66 -1
67 274
68 283
69 285
70 292
71 296
72 316
73 -1
74 355
75 361
76 364
77 366
78 371
79 372
80 374
81 380
82 383
83 390
84 391
85 392
86 395
87 396
88 397
89 398
90 401
91 402
92 -1
93 452
94 469
95 475
96 478
97 479
98 480
99 482
100 -1
101 486
102 -1
103 488
104 -1
105 490
106 494
107 495
108 -1
109 497
110 500
111 502
112 503
113 504
114 505
115 507
116 508
117 512
118 516
119 209
120 533
121 534
122 535
123 536
124 537
125 539
126 541
127 543
128 545
129 547
130 548
131 555
132 68
133 563
134 564
135 565
136 566
137 567
138 571
139 578
140 579
141 581
142 582
143 583
144 589
145 593
146 595
147 596
148 609
149 29
150 615
151 616
152 165
153 618
154 -1
155 620
156 621
157 622
158 631
159 632
160 635
161 -1
162 637
163 638
164 640
165 641
166 642
167 -1
168 41
169 -1
170 660
171 663
172 664
173 665
174 666
175 667
176 668
177 669
178 670
179 -1
180 680
181 681
182 682
183 685
184 687
185 688
186 -1
187 700
188 703
189 704
190 705
191 706
192 707
193 708
194 709
195 717
196 -1
197 719
198 722
199 723
200 727
