1 1
2 2
3 11
4 16
5 19
6 25
7 27
8 28
9 32
10 -1
11 44
12 58
13 65
14 67
15 -1
16 -1
17 73
18 74
19 75
20 77
21 78
22 83
23 95
24 98
25 100
26 103
27 106
28 108
29 109
30 111
31 113
32 114
33 116
34 118
35 119
36 120
37 121
38 154
39 156
40 158
41 162
42 168
43 171
44 178
45 183
46 184
47 188
48 229
49 231
50 232
51 233
52 234
53 235
54 237
55 243
56 244
57 246
58 247
59 248
60 249
61 250
62 251
63 252
64 253
65 254
66 257
67 -1
68 67
69 286
70 287
71 289
72 291
73 292
74 293
75 294
76 295
77 317
78 323
79 324
80 325
81 327
82 330
83 333
84 334
85 336
86 337
87 338
88 345
89 347
90 348
91 349
92 353
93 355
94 356
95 357
96 358
97 359
98 360
99 361
100 362
101 363
102 365
103 366
104 367
105 368
106 369
107 370
108 377
109 378
110 382
111 386
112 387
113 389
114 390
115 391
116 392
117 394
118 395
119 396
120 401
121 403
122 405
123 406
124 407
125 409
126 410
127 411
128 412
129 415
130 424
131 427
132 428
133 429
134 435
135 437
136 438
137 439
138 442
139 443
140 444
141 445
142 446
143 447
144 450
145 451
146 452
147 453
148 454
149 457
150 459
151 469
152 472
153 476
154 478
155 479
156 483
157 487
158 491
159 495
160 496
161 497
162 498
163 499
164 506
165 508
166 510
167 511
168 512
169 513
170 515
171 517
172 518
173 521
174 528
175 537
176 538
177 539
178 540
179 541
180 543
181 544
182 545
183 487
184 -1
185 546
186 548
187 550
188 551
189 -1
190 553
191 554
192 555
193 556
194 558
195 559
196 561
197 566
198 -1
199 587
200 588